0.002784616204227902 -0.00000581008827949675
0.007427135502916488 -0.000005850380153833712
0.012998158661342768 -0.000005898730403039107
0.01393601706801953 -0.000009973835490176969
0.018163672158573257 -0.0000026945973212993274
0.022390195104332766 -0.000002731278812631577
0.026616718050092275 -0.000002767960303963826
0.030843240995851756 -0.0000028046417952960756
0.035069763941611265 -0.0000028413232866291924
0.039296286887370774 -0.0000028780047779614418
0.04363968140767274 -3.7874361877385937e-7
0.04549668912714819 -3.9486036850899103e-7
0.05162415494432673 3.071713860804126e-7
0.05655526820276527 0.000001361764261890823
0.06042890161616829 -0.0000030614122346244235
0.06406676632190253 -5.560278658603077e-7
0.07149479719980428 -6.20494864799967e-7
0.07706582035823059 -6.68845114005362e-7
0.0817083396569192 -7.091369883431911e-7
0.08820786667508324 -7.655456124161519e-7
0.09377888983350952 -8.138958616215469e-7
0.0974929052724604 -8.461293610918103e-7
0.10585123076007041 0.00001065317157488907
0.11606745934214113 0.000027922268916028004
0.12535339331450357 0.0000336275983222464
0.13371171880211363 0.00004512689925822728
0.1393328273330739 0.00005331803994347659
0.14356048242362762 0.0000605972781123551
0.14778768465626363 0.00006495014841714948
0.15201545296129676 0.00007296097855204794
0.15624322126632995 0.0000809718086869464
0.1646987578763962 0.00009699346895674591
0.1689259601090322 0.00010134633926153856
0.17315452091542127 0.00011447831315858532
0.17738217600597506 0.00012175755132746383
0.18161096324132298 0.00013635270915655136
0.19006763199618348 0.00015969028908656077
0.19687057488893994 0.00017765493232979775
0.19687057488893994 0.00017765493232979775
0.20244428417232208 0.00019496432154527538
0.2070894895959665 0.00021228176913561884
0.21266230350436333 0.00022380524519620155
0.22009391588220623 0.00024688443081683723
0.22473912130585066 0.00026420187840718156
0.23124133444897055 0.0002815032092477916
0.23376276032887072 0.00029538735268937275
0.23774533834206102 0.0003103763663981889
0.24222124051540195 0.0003304304040757187
0.24645025417970873 0.0003464887458368496
0.2506792678440155 0.0003625470875979805
0.2549085079372811 0.000380068613291153
0.25913820088846445 0.00040051650684840966
0.2633678938396477 0.0004209644004056672
0.26759736036187215 0.0004399491100308805
0.2718270533130555 0.000460397003588138
0.2760569726931976 0.00048230808107743803
0.28028621278646326 0.0004998296067706097
0.2845161321666054 0.0005217406842599089
0.28874605154674754 0.0005436517617492089
0.2929752916400132 0.0005611732874423805
0.2972058903070318 0.0005874739167278063
0.30143603611613284 0.0006108481781491471
0.30566595549627495 0.0006327592556384454
0.3098963277343348 0.0006575967009918296
0.3141269264013535 0.0006838973302772553
0.3183572986394133 0.0007087347756306386
0.32258744444851434 0.0007321090370519794
0.32681736382865645 0.0007540201145412786
0.33104796249567514 0.0007803207438267035
0.3352785611626937 0.0008066213731121293
0.3395091598297124 0.0008329220023975551
0.3430346587188946 0.0008548391934687424
0.34656083689495354 0.0008811459363360554
0.3500863357841357 0.0009030631274072444
0.35361251396019444 0.0009293698702745575
0.35784311262721313 0.0009556704995599833
0.3613689511598336 0.0009797824665292339
0.36489478969245404 0.0010038944334984853
0.3684206282250746 0.001028006400467736
0.37194646675769505 0.0010521183674369874
0.3754723052903155 0.001076230334406238
0.37829338368853793 0.0010981536390593143
0.381114122443322 0.0011178821678143281
0.3839352008415443 0.0011398054724674044
0.387461379017603 0.0011661122153347192
0.39169265697149824 0.0011968023964162699
0.39521883514755696 0.0012231091392835847
0.3980399135457793 0.001245032443936661
0.401566091721838 0.0012713391868039749
0.4050922698978968 0.0012976459296712897
0.40861844807395553 0.0013239526725386036
0.41496570464823657 0.0013721827200589946
0.41778712268989715 0.0013963008006101342
0.42060820108811947 0.0014182241052632105
0.42342961912978005 0.0014423421858143501
0.42625103717144064 0.0014664602663654897
0.4347149516529841 0.0015366197321208452
0.43753603005120645 0.0015585430367739215
0.44035744809286703 0.001582661117325062
0.4431788661345276 0.0016067791978762016
0.4488213625744104 0.0016528205830804174
0.451642780616071 0.001676938663631557
0.45376068388260704 0.001706915593492754
0.45728561669939227 0.0017251748247338362
0.460107374384491 0.0017514876811830392
0.46363276005919385 0.0017726732802882065
0.4657502104678122 0.0017997238422853192
0.46857162850947276 0.0018238419228364588
0.47139304655113334 0.0018479600033875984
0.4747564691961905 0.001876303945783254
0.4770358826344544 0.0018961961644898776
0.4798573006761151 0.0019203142450410172
0.4826787187177757 0.0019444323255921568
0.48550013675943626 0.0019685504061432964
0.48777343073222423 0.00199190939163299
0.49149192304610156 0.00202080672390799
0.4942801207502705 0.0020381402882480694
0.4970701092044101 0.002067045678897937
0.49986009765854966 0.0020959510695478046
0.5024296639397144 0.002119843217144325
0.505251081981375 0.0021439612976954644
0.5080725000230356 0.002168079378246604
0.5108939180646962 0.0021921974587977436
0.5137153361063568 0.002216315539348884
0.5165370937914555 0.002242628395798086
0.5193588514765544 0.002268941252247289
0.5221799298747767 0.0022908645569003653
0.5250016875598756 0.0023171774133495682
0.5278231056015362 0.002341295493900708
0.5306445236431967 0.0023654135744518474
0.533465602041419 0.0023873368791049237
0.5362873597265179 0.002413649735554127
0.5391084381247402 0.002435573040207204
0.541930195809839 0.0024618858966564067
0.5447512742080612 0.0024838092013094834
0.5475730318931601 0.002510122057758686
0.5503944499348208 0.0025342401383098255
0.5532158679764814 0.002558358218860965
0.5560369463747037 0.0025802815235140423
0.5588583644163643 0.002604399604065182
0.5616797824580247 0.0026285176846163215
0.5645008608562471 0.0026504409892693977
0.5673222788979077 0.0026745590698205378
0.57014335729613 0.002696482374473614
0.5729647753377907 0.0027206004550247537
0.5757858537360129 0.0027425237596778304
0.5786072717776735 0.0027666418402289704
0.5814283501758958 0.0027885651448820467
0.5842494285741181 0.002810488449535123
0.5870705069723404 0.0028324117541881997
0.5905966851483991 0.0028587184970555136
0.5941225236810196 0.0028828304640247646
0.5969436020792419 0.0029047537686778414
0.6004694406118625 0.0029288657356470924
0.6039956187879212 0.0029551724785144063
0.60752179696398 0.0029814792213817202
0.6117528484889163 0.0030107062185312297
0.6159829942980173 0.003034080479952571
0.620213592965036 0.0030603811092379963
0.6244441916320546 0.003086681738523422
0.6286747902990732 0.003112982367808847
0.632905388966092 0.0031392829970942723
0.6371353083462342 0.0031611940745835715
0.6413650012974174 0.003181641968140828
0.6455944678196419 0.0032006266777660436
0.6498237079129076 0.003218148203459216
0.6540531744351319 0.0032371329130844308
0.6582826409573564 0.0032561176227096458
0.6625118810506221 0.0032736391484028183
0.6667402154280524 0.0032853079383678226
0.6709680969475649 0.003294050360468743
0.6751968841829128 0.003308645518297831
0.6794247657024254 0.003317387940398751
0.6836531000798556 0.003329056730363756
0.6878800758835328 0.0033319464167365074
0.6921072781161689 0.003336299287041301
0.6963344803488049 0.003340652157346095
0.7005610032945644 0.003340615475854762
0.7047879790982415 0.0033435051622275136
0.709013143470248 0.003334689377143929
0.7104201730204971 0.0033229716785238145
0.7132405721318429 0.0033405054313807646
0.7174650572169727 0.003327300094501053
0.7220417525475826 0.0033140917008303975
0.7259156123899445 0.0033111317082659252
0.7301400974750745 0.0032979263713862135
0.7357720649683712 0.0032759297037504723
0.7399963236245422 0.003261261182938718
0.743516048575274 0.0032458671837428325
0.7470341885232938 0.0032202308970226516
0.7505544795464226 0.0032084948576568714
0.7568888296700497 0.003173323421050862
0.7607617837965762 0.003164510692758221
0.7628714790133542 0.0031414472050828915
0.76533576197968 0.00313374409190306
0.7660361067493806 0.0031074006675444136
0.769554133482921 0.003081032788858212
0.7730718205730233 0.003052470134273947
0.7758854268156037 0.003026108369169634
0.7786997123450607 0.0030041361558614476
0.7815133185876413 0.0029777743907571344
0.78503168496462 0.002953601287968996
0.7878428004886532 0.00291114449961222
0.7915965397683489 0.0028906273187935573
0.7934713715475673 0.002867200072995847
0.7955796515833524 0.0028349916857452542
0.7990973386734546 0.0028064290311609896
0.8012051658513222 0.002771294276046313
0.8042539185676608 0.002747125248979434
0.8075348741812929 0.0027061275688334404
0.8096422485012427 0.0026680664458546798
0.8173759295905182 0.0025714290569391245
0.824407680907381 0.0024908928048579205
0.8265130173667012 0.0024396630264907813
0.8286222031183218 0.002413307374968357
0.832136154130603 0.0023606021855053973
0.8363531670600911 0.0022991117788682958
0.8384609942379587 0.002263977023753619
0.8405695007027026 0.0022332318204350693
0.8440834517149841 0.002180526630972109
0.8454888962625212 0.0021585666448277006
0.8468943408100585 0.002136606658683292
0.8497076074092006 0.0021080501176809156
0.8511106744526701 0.002070726700250064
0.8536129052187379 0.002046593523484119
0.8554645406883016 0.0020118619278050196
0.8560287114387352 0.0019872824210504427
0.8581378971903558 0.0019609267695280194
0.8600936293622109 0.001925032938607271
0.861650489628884 0.0018994424764728068
0.8637583168067516 0.0018643077213581303
0.8656503265208729 0.0018324099778797608
0.8675010666154511 0.0017918924690457682
0.8702821013197378 0.0017629387281466952
0.8721903048050984 0.0017281582526955499
0.873595070065759 0.0017018087147550138
0.8750005146132963 0.0016798487286106053
0.8764059591608334 0.0016578887424661959
0.8778114037083705 0.0016359287563217865
0.8792161689690313 0.0016095792183812513
0.8806216135165682 0.001587619232236842
0.8820270580641055 0.0015656592460924325
0.8834318233247661 0.0015393097081518974
0.8848372678723034 0.0015173497220074888
0.8876495155411309 0.0014822088533109233
0.8901081943907253 0.0014382919378130498
0.8932685765837735 0.0013768107015487818
0.8946740211313108 0.0013548507154043732
0.8960787863919714 0.0013285011774638372
0.8974835516526322 0.001302151639523302
0.8995913788304996 0.0012670168844086246
0.9016992060083672 0.001231882129293948
0.9031046505559045 0.0012099221431495395
0.9045100951034416 0.0011879621570051301
0.9073203049116393 0.0011396526329201864
0.9087257494591764 0.0011176926467757762
0.9101311940067137 0.0010957326606313676
0.9143457162176546 0.001018147230741803
0.9161016161862406 0.0009848445123331233
0.918563861291937 0.0009639727437649129
0.9199693058394741 0.0009420127576205044
0.9213740711001347 0.0009156632196799684
0.9234825775648788 0.0008849180163614185
0.925591084029623 0.0008541728130428677
0.9276995904943669 0.0008234276097243177
0.930483533830177 0.0007845956106032103
0.9323342739247554 0.0007440781017692168
0.9360420217388093 0.0007035444761854881
0.9375377023271273 0.0006697077067134545
0.9396462087918712 0.0006389625033949029
0.9424604943213283 0.0006169902900867164
0.9438659388688656 0.0005950303039423078
0.9463252970053365 0.0005555029402405601
0.9480815932246006 0.0005247607937129547
0.9498363610483925 0.0004841421556440635
0.9508948598237429 0.0004962042527105782
0.9522967947224178 0.00045156491561951576
0.9558145950269995 0.00042373385300127284
0.9579242336365378 0.0004003045693429337
0.9610579034526107 0.0003561721107704207
0.9635489554031514 0.0003314860158818442
0.966619077486199 0.0002924787158173816
0.9693983214405152 0.00025195314860852053
0.9731069646295541 0.00021720543617968595
0.9758871039588558 0.00018246578212571894
0.9805260417576033 0.0001592818376318049
0.9832417083826678 0.0001308586368991907
0.98633753567955 0.00010742079422620607
0.9916555528246619 0.00007818235296487737
0.9953641960137011 0.00004343464053604366
1.0000022384374634 0.000014464782887235565
