             0.000000000000000             0.004782589840856
             0.004782589840856             0.004529079507920
             0.009311669348776             0.004289006975640
             0.013600676324416             0.004061659947661
             0.017662336272077             0.003846363884258
             0.021508700156335             0.003642480000977
             0.025151180157312             0.003449403373357
             0.028600583530670             0.003266561142116
             0.031867144672786             0.003093410813476
             0.034960555486262             0.002929438649581
             0.037889994135843             0.002774158144233
             0.040664152280076             0.002627108579435
             0.043291260859511             0.002487853658440
             0.045779114517951             0.002355980211291
             0.048135094729242             0.002231096969012
             0.050366191698253             0.002112833402902
             0.052479025101155             0.002000838625603
             0.054479863726758             0.001894780350971
             0.056374644077729             0.001794343910160
             0.058168987987889             0.001699231321869
             0.059868219309758             0.001609160415396
             0.061477379725153             0.001523864006020
             0.063001243731174             0.001443089123263
             0.064444332854437             0.001366596293650
             0.065810929148087             0.001294158880604
             0.067105088028691             0.001225562484749
             0.068330650513440             0.001160604407922
             0.069491254921362             0.001099093183360
             0.070590348104721             0.001040848172496
             0.071631196277218             0.000985699225629
             0.072616895502847             0.000933486399350
             0.073550381902196             0.000884059718445
             0.074434441620641             0.000837278964416
             0.075271720585057             0.000793013467505
             0.076064734052562             0.000751141874902
             0.076815875927464             0.000711551865450
             0.077527427792913             0.000674139781336
             0.078201567574249             0.000638810150667
             0.078840377724916             0.000605475081679
             0.079445852806595             0.000574053519732
             0.080019906326327             0.000544470371650
             0.080564376697977             0.000516655517271
             0.081081032215249             0.000490542743703
             0.081571574958951             0.000466068651548
             0.082037643610500             0.000443171592039
             0.082480815202539             0.000421790697519
             0.082902605900058             0.000401865063923
             0.083304470963982             0.000383333132627
             0.083687804096609             0.000366132301733
             0.084053936398341             0.000350198775890
             0.084404135174231             0.000335467642368
             0.084739602816600             0.000321873142397
             0.085061475958997             0.000309349093244
             0.085370825052241             0.000297829409413
             0.085668654461653             0.000287248670780
             0.085955903132433             0.000277542690376
             0.086233445822809             0.000268649043247
             0.086502094866056             0.000260507528452
             0.086762602394508             0.000253060547065
             0.087015662941572             0.000246253388843
             0.087261916330415             0.000240034428104
             0.087501950758519             0.000234355235144
             0.087736305993664             0.000229170613231
             0.087965476606895             0.000224438573060
             0.088189915179955             0.000220120257091
             0.088410035437046             0.000216179825645
             0.088626215262691             0.000212584315520
             0.088838799578210             0.000209303480404
             0.089048103058614             0.000206309620809
             0.089254412679423             0.000203577409695
             0.089457990089118             0.000201083718564
             0.089659073807682             0.000198807447580
             0.089857881255261             0.000196729362245
             0.090054610617507             0.000194831938325
             0.090249442555832             0.000193099216053
             0.090442541771886             0.000191516664145
             0.090634058436030             0.000190071053757
             0.090824129489787             0.000188750342262
             0.091012879832049             0.000187543566509
             0.091200423398557             0.000186440745110
             0.091386864143667             0.000185432789226
             0.091572296932893             0.000184511421273
             0.091756808354166             0.000183669100957
             0.091940477455124             0.000182898958059
             0.092123376413182             0.000182194731402
             0.092305571144585             0.000181550713473
             0.092487121858058             0.000180961700175
             0.092668083558233             0.000180422945259
             0.092848506503491             0.000179930118999
             0.093028436622491             0.000179479270708
             0.093207915893199             0.000179066794726
             0.093386982687925             0.000178689399569
             0.093565672087494             0.000178344079923
             0.093744016167416             0.000178028091209
             0.093922044258625             0.000177738926493
             0.094099783185118             0.000177474295495
             0.094277257480613             0.000177232105513
             0.094454489586126             0.000177010444076
             0.094631500030201             0.000176807563160
             0.094808307593362             0.000176621864831
             0.094984929458193             0.000176451888164
             0.095161381346357             0.000176296297336
             0.095337677643693             0.000176153870777
             0.095513831514470             0.000176023491283
             0.095689855005753             0.000175904136998
             0.095865759142751             0.000175794873194
             0.096041554015945             0.000175694844772
             0.096217248860717             0.000175603269419
             0.096392852130136             0.000175519431361
             0.096568371561497             0.000175442675660
             0.096743814237157             0.000175372403010
             0.096919186640167             0.000175308064980
             0.097094494705147             0.000175249159666
             0.097269743864813             0.000175195227730
             0.097444939092543             0.000175145848763
             0.097620084941307             0.000175100637979
             0.097795185579285             0.000175059243175
             0.097970244822460             0.000175021341968
             0.098145266164428             0.000174986639260
             0.098320252803688             0.000174954864916
             0.098495207668604             0.000174925771652
             0.098670133440256             0.000174899133094
             0.098845032573350             0.000174874742005
             0.099019907315355             0.000174852408664
             0.099194759724018             0.000174831959381
             0.099369591683399             0.000174813235144
             0.099544404918543             0.000174796090370
             0.099719201008913             0.000174780391774
             0.099893981400687             0.000174766017325
             0.100068747418012             0.000174752855299
             0.100243500273312             0.000174740803403
             0.100418241076715             0.000174729767979
             0.100592970844694             0.000174719663275
             0.100767690507968             0.000174710410777
             0.100942400918745             0.000174701938597
             0.101117102857342             0.000174694180914
             0.101291797038257             0.000174687077462
             0.101466484115719             0.000174680573057
             0.101641164688776             0.000174674617174
             0.101815839305950             0.000174669163551
             0.101990508469501             0.000174664169825
             0.102165172639326             0.000174659597212
             0.102339832236538             0.000174655410196
             0.102514487646734             0.000174651576258
             0.102689139222992             0.000174648065622
             0.102863787288614             0.000174644851024
             0.103038432139637             0.000174641907498
             0.103213074047135             0.000174639212187
             0.103387713259322             0.000174636744158
             0.103562350003480             0.000174634484246
             0.103736984487726             0.000174632414902
             0.103911616902628             0.000174630520056
             0.104086247422684             0.000174628784994
             0.104260876207678             0.000174627196243
             0.104435503403921             0.000174625741467
             0.104610129145388             0.000174624409369
             0.104784753554757             0.000174623189604
             0.104959376744361             0.000174622072703
             0.105133998817064             0.000174621049992
             0.105308619867056             0.000174620113530
             0.105483239980586             0.000174619256046
             0.105657859236633             0.000174618470882
             0.105832477707515             0.000174617751941
             0.106007095459456             0.000174617093641
             0.106181712553096             0.000174616490870
             0.106356329043966             0.000174615938949
             0.106530944982915             0.000174615433591
             0.106705560416506             0.000174614970873
             0.106880175387379             0.000174614547203
             0.107054789934582             0.000174614159290
             0.107229404093872             0.000174613804123
             0.107404017897995             0.000174613478944
             0.107578631376939             0.000174613181229
             0.107753244558167             0.000174612908665
             0.107927857466832             0.000174612659136
             0.108102470125968             0.000174612430706
             0.108277082556674             0.000174612221600
             0.108451694778274             0.000174612030195
             0.108626306808468             0.000174611855004
             0.108800918663472             0.000174611694668
             0.108975530358140             0.000174611547942
             0.109150141906082             0.000174611413686
             0.109324753319767             0.000174611290857
             0.109499364610625             0.000174611178504
             0.109673975789128             0.000174611075752
             0.109848586864880             0.000174610981804
             0.110023197846684             0.000174610895931
             0.110197808742615             0.000174610817466
             0.110372419560081             0.000174610745800
             0.110547030305881             0.000174610680376
             0.110721640986258             0.000174610620687
             0.110896251606944             0.000174610566268
             0.111070862173212             0.000174610516698
             0.111245472689910             0.000174610471591
             0.111420083161501             0.000174610430598
             0.111594693592099             0.000174610393400
             0.111769303985499             0.000174610359707
             0.111943914345206             0.000174610329260
             0.112118524674466             0.000174610301821
             0.112293134976287             0.000174610277177
             0.112467745253463             0.000174610255136
             0.112642355508600             0.000174610235529
             0.112816965744129             0.000174610218202
             0.112991575962331             0.000174610203021
             0.113166186165352             0.000174610189868
             0.113340796355219             0.000174610178641
             0.113515406533860             0.000174610169253
             0.113690016703113             0.000174610161630
             0.113864626864743             0.000174610155715
             0.114039237020458             0.000174610151460
             0.114213847171917             0.000174610148833
             0.114388457320750             0.000174610147813
             0.114563067468562             0.000174610148392
             0.114737677616955             0.000174610150576
             0.114912287767531             0.000174610154380
             0.115086897921911             0.000174610159835
             0.115261508081747             0.000174610166983
             0.115436118248730             0.000174610175879
             0.115610728424609             0.000174610186592
             0.115785338611201             0.000174610199206
             0.115959948810407             0.000174610213818
             0.116134559024225             0.000174610230542
             0.116309169254768             0.000174610249508
             0.116483779504276             0.000174610270863
             0.116658389775140             0.000174610294773
             0.116833000069913             0.000174610321423
             0.117007610391336             0.000174610351021
             0.117182220742357             0.000174610383796
             0.117356831126153             0.000174610420002
             0.117531441546155             0.000174610459921
             0.117706052006077             0.000174610503863
             0.117880662509940             0.000174610552169
             0.118055273062109             0.000174610605214
             0.118229883667323             0.000174610663410
             0.118404494330733             0.000174610727208
             0.118579105057941             0.000174610797104
             0.118753715855044             0.000174610873641
             0.118928326728685             0.000174610957412
             0.119102937686097             0.000174611049070
             0.119277548735167             0.000174611149323
             0.119452159884491             0.000174611258953
             0.119626771143443             0.000174611378809
             0.119801382522253             0.000174611509822
             0.119975994032075             0.000174611653010
             0.120150605685085             0.000174611809484
             0.120325217494568             0.000174611980458
             0.120499829475027             0.000174612167262
             0.120674441642288             0.000174612371344
             0.120849054013632             0.000174612594290
             0.121023666607922             0.000174612837830
             0.121198279445752             0.000174613103856
             0.121372892549608             0.000174613394433
             0.121547505944041             0.000174613711816
             0.121722119655857             0.000174614058472
             0.121896733714329             0.000174614437090
             0.122071348151419             0.000174614850611
             0.122245963002030             0.000174615302245
             0.122420578304275             0.000174615795500
             0.122595194099774             0.000174616334204
             0.122769810433978             0.000174616922542
             0.122944427356520             0.000174617565080
             0.123119044921600             0.000174618266808
             0.123293663188408             0.000174619033175
             0.123468282221584             0.000174619870131
             0.123642902091715             0.000174620784175
             0.123817522875890             0.000174621782405
             0.123992144658295             0.000174622872570
             0.124166767530865             0.000174624063137
             0.124341391594002             0.000174625363349
             0.124516016957351             0.000174626783303
             0.124690643740654             0.000174628334025
             0.124865272074679             0.000174630027557
             0.125039902102236             0.000174631877048
             0.125214533979283             0.000174633896861
             0.125389167876144             0.000174636102680
             0.125563803978824             0.000174638511634
             0.125738442490458             0.000174641142431
             0.125913083632889             0.000174644015501
             0.126087727648390             0.000174647153154
             0.126262374801545             0.000174650579760
             0.126437025381304             0.000174654321928
             0.126611679703232             0.000174658408722
             0.126786338111955             0.000174662871883
             0.126961000983838             0.000174667746075
             0.127135668729913             0.000174673069155
             0.127310341799068             0.000174678882470
             0.127485020681538             0.000174685231175
             0.127659705912713             0.000174692164586
             0.127834398077299             0.000174699736564
             0.128009097813863             0.000174708005930
             0.128183805819793             0.000174717036932
             0.128358522856725             0.000174726899733
             0.128533249756458             0.000174737670968
             0.128707987427426             0.000174749434333
             0.128882736861760             0.000174762281243
             0.129057499143002             0.000174776311537
             0.129232275454539             0.000174791634264
             0.129407067088804             0.000174808368530
             0.129581875457334             0.000174826644424
             0.129756702101758             0.000174846604037
             0.129931548705795             0.000174868402570
             0.130106417108364             0.000174892209545
             0.130281309317910             0.000174918210134
             0.130456227528043             0.000174946606598
             0.130631174134642             0.000174977619881
             0.130806151754523             0.000175011491330
             0.130981163245852             0.000175048484590
             0.131156211730442             0.000175088887675
             0.131331300618117             0.000175133015220
             0.131506433633337             0.000175181210960
             0.131681614844297             0.000175233850432
             0.131856848694729             0.000175291343928
             0.132032140038657             0.000175354139734
             0.132207494178391             0.000175422727667
             0.132382916906058             0.000175497642944
             0.132558414549001             0.000175579470426
             0.132733994019427             0.000175668849251
             0.132909662868679             0.000175766477917
             0.133085429346595             0.000175873119838
             0.133261302466434             0.000175989609442
             0.133437292075875             0.000176116858837
             0.133613408934712             0.000176255865131
             0.133789664799843             0.000176407718443
             0.133966072518286             0.000176573610693
             0.134142646128979             0.000176754845245
             0.134319400974224             0.000176952847477
             0.134496353821701             0.000177169176394
             0.134673522998095             0.000177405537368
             0.134850928535463             0.000177663796133
             0.135028592331596             0.000177945994168
             0.135206538325764             0.000178254365588
             0.135384792691352             0.000178591355740
             0.135563384047092             0.000178959641636
             0.135742343688727             0.000179362154453
             0.135921705843181             0.000179802104299
             0.136101507947479             0.000180283007479
             0.136281790954958             0.000180808716543
             0.136462599671501             0.000181383453396
             0.136643983124897             0.000182011845786
             0.136825994970683             0.000182698967540
             0.137008693938223             0.000183450382925
             0.137192144321148             0.000184272195559
             0.137376416516707             0.000185171102331
             0.137561587619038             0.000186154452827
             0.137747742071865             0.000187230314792
             0.137934972386658             0.000188407546177
             0.138123379932835             0.000189695874360
             0.138313075807195             0.000191105983125
             0.138504181790321             0.000192649607982
             0.138696831398302             0.000194339640371
             0.138891171038674             0.000196190241246
             0.139087361279920             0.000198216964388
             0.139285578244308             0.000200436889661
             0.139486015133969             0.000202868766138
             0.139688883900107             0.000205533164707
             0.139894417064814             0.000208452639265
             0.140102869704079             0.000211651895003
             0.140314521599082             0.000215157961518
             0.140529679560600             0.000219000367477
             0.140748679928077             0.000223211312425
             0.140971891240501             0.000227825829950
             0.141199717070452             0.000232881934942
             0.141432599005394             0.000238420746058
             0.141671019751452             0.000244486573055
             0.141915506324507             0.000251126957343
             0.142166633281850             0.000258392653420
             0.142425025935270             0.000266337539033
             0.142691363474302             0.000275018443348
             0.142966381917651             0.000284494885598
             0.143250876803248             0.000294828721828
             0.143545705525077             0.000306083704741
             0.143851789229818             0.000318324970901
             0.144170114200719             0.000331618480245
             0.144501732680964             0.000346030443642
             0.144847763124606             0.000361626783704
             0.145209389908310             0.000378472680167
             0.145587862588477             0.000396632252236
             0.145984494840713             0.000416168425030
             0.146400663265743             0.000437143015457
             0.146837806281200             0.000459617055308
             0.147297423336509             0.000483651348460
             0.147781074684969             0.000509307237651
             0.148290381922620             0.000536647537690
             0.148827029460309             0.000565737578865
             0.149392767039175             0.000596646298362
             0.149989413337537             0.000629447319125
             0.150618860656662             0.000664219963757
             0.151283080620418             0.000701050163830
             0.151984130784248             0.000740031240467
             0.152724162024714             0.000781264547498
             0.153505426572212             0.000824859982654
             0.154330286554866             0.000870936383489
             0.155201222938355             0.000919621832671
             0.156120844771025             0.000971053901464
             0.157091898672489             0.001025379861397
             0.158117278533886             0.001082756892267
             0.159200035426153             0.001143352310909
             0.160343387737062             0.001207343840072
             0.161550731577134             0.001274919931227
             0.162825651508361             0.001346280149769
             0.164171931658130             0.001421635626436
             0.165593567284567             0.001501209575283
             0.167094776859850             0.001585237876181
             0.168680014736031             0.001673969718621
             0.170353984454652             0.001767668303589
             0.172121652758242             0.001866611600463
             0.173988264358705             0.001971093157235
             0.175959357515940             0.002081422963044
             0.178040780478984             0.002197928363320
             0.180238708842304             0.002320955028575
             0.182559663870879             0.002450867978903
             0.185010531849782             0.002588052666422
             0.187598584516204             0.002732916118671
             0.190331500634875             0.002885888146194
             0.193217388781069             0.003047422617701
             0.196264811398770             0.003217998806774
             0.199482810205543             0.003398122813747
             0.202880933019290             0.003588329067441
             0.206469262086731             0.003789181910711
             0.210258443997442             0.004001277274914
             0.214259721272355             0.004225244448012
             0.218484965720368             0.004461747941690
             0.222946713662058             0.004711489462942
             0.227658203125000             0.004711489462942
