0.00014453125000000316 2444.0930328581367
0.0005677083333333367 2432.804386879926
0.0009062500000000008 2416.993219749653
0.001667968750000002 2401.193823887344
0.0021757812500000015 2403.4680328581367
0.002683593750000001 2400.468713780714
0.003191406250000004 2393.702588954567
0.0036992187500000037 2386.9364641284196
0.004207031250000003 2380.170339302272
0.004714843750000003 2373.4042144761247
0.0052226562500000025 2367.3914507997224
0.005730468750000002 2362.132048273065
0.006238281250000002 2356.1192845966625
0.006746093750000005 2350.859882070005
0.007253906250000004 2346.3538406930925
0.007761718750000004 2342.601160465925
0.008269531250000003 2338.0951190890128
0.008777343750000003 2334.3424388618455
0.009285156250000003 2331.343119784423
0.009792968750000002 2326.083717257766
0.010300781250000005 2318.564231281873
0.010808593750000005 2310.291384156236
0.011316406250000004 2301.2651758808533
0.011824218750000004 2294.499051054706
0.012332031250000004 2286.9795650788137
0.012839843750000003 2283.980246001391
0.013347656250000003 2283.9943715229488
0.013855468750000006 2284.7618581942515
0.01427864583333334 2280.6301431386187
0.01470182291666667 2268.211455435791
0.015209635416666673 2253.1583579624485
0.01571744791666667 2245.638871986556
0.01622526041666667 2238.8727471604084
0.016733072916666675 2232.859983484006
0.01724088541666667 2226.8472198076033
0.017748697916666674 2220.081094981456
0.01825651041666667 2213.3149701553084
0.018764322916666673 2207.302206478906
0.01927213541666667 2200.536081652759
0.019779947916666672 2194.5233179763563
0.020287760416666675 2187.757193150209
0.02079557291666667 2182.4977906235517
0.021303385416666674 2175.7316657974043
0.02181119791666667 2168.965540971257
0.022319010416666674 2163.706138444599
0.02282682291666667 2157.693374768197
0.023334635416666673 2151.680611091794
0.023842447916666676 2145.6678474153923
0.024350260416666672 2138.1483614394997
0.024858072916666675 2132.888958912842
0.02536588541666667 2126.1228340866946
0.025873697916666674 2120.1100704102923
0.02638151041666667 2113.343945584145
0.026889322916666673 2106.577820757998
0.027397135416666676 2099.81169593185
0.027904947916666673 2093.0455711057025
0.028412760416666676 2084.772723980065
0.02892057291666667 2078.7599603036624
0.029428385416666675 2071.2404743277702
0.02993619791666667 2062.2142660523878
0.030444010416666674 2053.1880577770053
0.030951822916666677 2044.161849501623
0.03145963541666667 2032.1221966272603
0.031967447916666676 2020.082543752898
0.032390625000000006 2008.7938977746874
0.03272916666666668 1995.242814093649
0.03306770833333334 1980.561688687993
0.033406250000000005 1965.8805632823369
0.03366015625000001 1950.0670418984703
0.03382942708333334 1936.511249710246
0.033998697916666674 1922.9554575220216
0.034167968750000006 1904.879498435327
0.03433723958333334 1891.3237062471028
0.03450651041666668 1873.2477471604082
0.03467578125000001 1864.212121870654
0.03467578125000001 1850.6516211752437
0.034760416666666676 1834.833391284191
0.03484505208333334 1819.015161393139
0.03492968750000001 1800.9368480528515
0.035014322916666674 1778.338367814094
0.035183593750000006 1764.7825756258694
0.03526822916666668 1746.704262285582
0.03543750000000001 1727.4982614742698
0.035776041666666675 1712.817136068614
0.03611458333333334 1699.2660523875754
0.036368489583333344 1687.972697902179
0.036537760416666676 1669.8967388154847
0.03670703125000001 1660.8611135257302
0.03670703125000001 1647.30061283032
0.03670703125000001 1633.7401121349096
0.03670703125000001 1620.1796114394995
0.036791666666666674 1606.621464997682
0.036791666666666674 1594.1910060268892
0.03687630208333334 1579.5028178604546
0.03687630208333334 1565.9423171650442
0.03687630208333334 1552.381816469634
0.03687630208333334 1538.8213157742236
0.03687630208333334 1520.7406481803432
0.03704557291666668 1511.705022890589
0.03704557291666668 1498.1445221951785
0.03704557291666668 1484.5840214997684
0.03704557291666668 1471.023520804358
0.03704557291666668 1457.4630201089476
0.03704557291666668 1443.9025194135374
0.03704557291666668 1430.342018718127
0.03704557291666668 1416.781518022717
0.03704557291666668 1403.2210173273065
0.03704557291666668 1385.140349733426
0.03721484375000001 1376.104724443672
0.03721484375000001 1362.5442237482616
0.03721484375000001 1348.9837230528512
0.03721484375000001 1335.423222357441
0.03721484375000001 1321.8627216620307
0.03721484375000001 1308.3022209666206
0.03721484375000001 1294.7417202712102
0.03721484375000001 1281.1812195757998
0.03721484375000001 1267.6207188803896
0.03729947916666668 1255.1926141631898
0.03738411458333334 1240.504425996755
0.03738411458333334 1229.2040087505795
0.037553385416666675 1217.9083000115904
0.03772265625000001 1201.3390632243857
0.03823046875000001 1195.3262995479836
0.038738281250000006 1195.3404250695412
0.03924609375000001 1195.354550591099
0.03975390625000001 1195.3686761126567
0.04026171875000001 1195.3828016342145
0.04076953125000001 1195.3969271557721
0.04127734375000001 1195.4110526773297
0.04178515625000001 1195.4251781988876
0.04229296875000001 1195.4393037204452
0.04263151041666668 1193.1886372855818
0.04280078125000001 1181.8929285465927
0.042885416666666676 1167.2047403801578
0.04297005208333334 1150.2564687644879
0.04297005208333334 1136.6959680690775
0.04297005208333334 1123.135467373667
0.04305468750000001 1105.0571540333797
0.043139322916666674 1086.9788406930925
0.043139322916666674 1073.4183399976823
0.043139322916666674 1059.8578393022717
0.043139322916666674 1046.2973386068616
0.043139322916666674 1032.7368379114514
0.043139322916666674 1019.1763372160408
0.043139322916666674 1005.6158365206306
0.043139322916666674 992.0553358252205
0.04322395833333335 976.2371059341676
0.04330859375000001 960.4188760431157
0.04330859375000001 946.8583753477055
0.04330859375000001 933.2978746522949
0.04330859375000001 919.7373739568848
0.04330859375000001 906.1768732614746
0.04330859375000001 892.616372566064
0.04339322916666668 876.7981426750116
0.04339322916666668 863.2376419796014
0.043477864583333345 847.4194120885486
0.043477864583333345 833.8589113931384
0.043477864583333345 820.2984106977283
0.043477864583333345 806.7379100023181
0.043477864583333345 793.1774093069075
0.04356250000000001 775.0990959666206
0.04381640625000001 755.5187688340288
0.04432421875000001 748.7526440078814
0.04483203125000001 748.0134083796938
0.04533984375000001 748.0275339012519
0.04584765625000001 748.0416594228095
0.04635546875000002 748.0557849443671
0.04686328125000001 748.0699104659247
0.04737109375000001 748.0840359874824
0.047878906250000006 748.0981615090404
0.048386718750000016 748.112287030598
0.04889453125000001 748.1264125521557
0.04940234375000001 748.1405380737133
0.04991015625000002 748.1546635952714
0.050417968750000014 748.168789116829
0.05092578125000001 748.1829146383866
0.051433593750000006 748.1970401599442
0.051941406250000016 748.2111656815018
0.05244921875000001 748.2252912030599
0.05295703125000001 748.2394167246175
0.05346484375000002 748.2535422461751
0.053972656250000015 748.2676677677327
0.05448046875000001 748.2817932892908
0.05498828125000001 748.2959188108484
0.05549609375000002 748.310044332406
0.05600390625000001 748.3241698539637
0.05651171875000001 748.3382953755213
0.05701953125000002 748.3524208970794
0.057527343750000015 748.366546418637
0.05803515625000001 748.3806719401946
0.05854296875000001 748.3947974617522
0.05905078125000002 748.4089229833103
0.05955859375000001 748.4230485048679
0.06006640625000001 751.4506186254057
0.06057421875000002 750.7113829972182
0.061082031250000016 749.2187862192859
0.06158984375000001 749.232911740844
0.06209765625000001 750.7537595618915
0.06260546875000002 750.7678850834491
0.06311328125000001 749.2752883055168
0.06362109375000001 749.2894138270749
0.06412890625000002 750.8102616481224
0.06463671875000002 750.82438716968
0.06514453125000001 750.0851515414929
0.06565234375000001 749.3459159133054
0.06616015625000002 750.8667637343533
0.06666796875000001 750.8808892559109
0.06717578125000001 750.1416536277238
0.06768359375000002 748.6490568497911
0.06819140625000002 750.9232658205842
0.06869921875000001 750.9373913421418
0.06920703125000001 748.6914334144644
0.06971484375000002 748.705558936022
0.07022265625000002 748.7196844575797
0.07073046875000001 748.7338099791377
0.07123828125000002 748.7479355006953
0.07174609375000002 748.762061022253
0.07225390625000001 751.0362699930456
0.07276171875000001 751.0503955146037
0.07326953125000002 751.0645210361613
0.07377734375000002 748.8185631084839
0.07428515625000001 750.3394109295318
0.07479296875000002 751.1068976008341
0.07530078125000002 751.1210231223922
0.07580859375000001 748.8750651947148
0.07631640625000001 750.3959130157627
0.07682421875000002 751.1633996870651
0.07733203125000002 751.1775252086231
0.07783984375000001 749.6849284306909
0.07834765625000002 750.4524151019937
0.07885546875000002 751.219901773296
0.07936328125000001 751.2340272948536
0.07987109375000001 749.7414305169218
0.08037890625000002 749.7555560384794
0.08088671875000002 751.2764038595269
0.08139453125000001 751.2905293810845
0.08190234375000002 749.7979326031527
0.08241015625000002 749.8120581247103
0.08291796875000002 751.3329059457578
0.08342578125000001 751.3470314673154
0.08393359375000002 750.6077958391284
0.08444140625000002 749.1151990611961
0.08494921875000001 751.3894080319888
0.08545703125000002 751.4035335535464
0.08596484375000002 750.6642979253593
0.08647265625000002 749.171701147427
0.08698046875000003 751.4459101182197
0.08748828125000002 751.4600356397773
0.08799609375000002 751.4741611613349
0.08850390625000001 749.2282032336575
0.08901171875000002 751.5024122044506
0.08951953125000002 751.5165377260082
0.09002734375000002 751.5306632475658
0.09053515625000003 749.2847053198884
0.09104296875000002 750.8055531409368
0.09155078125000002 751.5730398122391
0.09205859375000001 751.5871653337967
0.09256640625000002 749.3412074061193
0.09307421875000002 750.8620552271673
0.09358203125000002 751.62954189847
0.09408984375000003 751.6436674200277
0.09459765625000002 750.1510706420954
0.09510546875000002 750.9185573133982
0.09561328125000002 751.686043984701
0.09612109375000003 751.7001695062586
0.09662890625000002 750.2075727283263
0.09713671875000002 750.221698249884
0.09764453125000003 751.7425460709314
0.09815234375000002 751.7566715924895
0.09866015625000002 750.2640748145573
0.09916796875000002 750.2782003361149
0.09967578125000003 751.7990481571624
0.10018359375000002 751.8131736787204
0.10069140625000002 751.0739380505333
0.10119921875000003 751.088063572091
0.10170703125000002 751.8555502433933
0.10221484375000002 751.8696757649509
0.10272265625000002 751.883801286509
0.10323046875000003 750.3912045085767
0.10373828125000002 751.9120523296242
0.10424609375000002 751.9261778511818
0.10475390625000003 751.9403033727399
0.10526171875000002 749.6943454450625
0.10576953125000002 751.9685544158551
0.10627734375000002 751.9826799374127
0.10678515625000003 751.9968054589704
0.10729296875000002 751.2575698307837
0.10780078125000003 752.025056502086
0.10830859375000002 752.0391820236437
0.10881640625000003 752.0533075452013
0.10932421875000004 751.3140719170146
0.10983203125000002 751.3281974385723
0.11033984375000003 752.0956841098746
0.11084765625000001 752.1098096314322
0.11135546875000002 750.6172128535
0.11186328125000003 752.1380606745479
0.11237109375000001 752.1521861961055
0.11287890625000002 752.1663117176631
0.11338671875000003 752.1804372392207
0.11389453125000001 751.4412016110341
0.11440234375000002 752.2086882823364
0.11491015625000003 752.222813803894
0.11541796875000002 751.483578175707
0.11592578125000003 751.4977036972646
0.11643359375000004 752.2651903685673
0.11694140625000002 752.279315890125
0.11744921875000003 751.5400802619379
0.11795703125000004 752.3075669332402
0.11846484375000002 752.3216924547983
0.11897265625000003 752.3358179763559
0.11948046875000001 752.3499434979135
0.0012500000000000011 2405.8762169680117
