0.0007094785447316725 -0.16660165676091765
0.0012187240344270697 -0.16660165676091765
0.001727969524122467 -0.16660165676091765
0.0022372150138178608 -0.16660165676091765
0.002746578057873761 -1.3268631949173368
0.0032558235475691547 -1.3268631949173368
0.003765069037264552 -1.3268631949173368
0.004274314526959946 -1.3268631949173368
0.00478363838622901 -2.1003708870215405
0.005292923060711243 -2.487124733073756
0.006311296485741531 -1.3268631949173368
0.006820541975436925 -1.3268631949173368
0.008518026941088247 -1.3268631949173368
0.009179499701100456 -1.662049861495916
0.009422492401215805 -1.1368683772161603e-13
0.010555008899869829 -1.3268631949173368
0.011064254389565223 -1.3268631949173368
0.011403751382695487 -1.3268631949173368
0.012591990858651411 -1.3268631949173368
0.013101236348346808 -1.3268631949173368
0.013440733341477072 -1.3268631949173368
0.01440729483282675 -1.1368683772161603e-13
0.014772036474164134 -1.1368683772161603e-13
0.015137983198407385 0.9936598813955015
0.015477480191537649 0.9936598813955015
0.016665719667493577 0.9936598813955015
0.01717496515718897 0.9936598813955015
0.017514462150319238 0.9936598813955015
0.01870270162627516 0.9936598813955015
0.019211947115970553 0.9936598813955015
0.02090919697290087 3.3141829577082262
0.021418442462596263 3.3141829577082262
0.022776430435117317 3.3141829577082262
0.023285675924812718 3.3141829577082262
0.02362517291794298 3.3141829577082262
0.024982925781743028 5.634706034021065
0.025492014532291087 7.181721418229699
0.02684933636343597 13.756536801115885
0.027358307559623526 16.46381372348094
0.0287157469451289 21.87836756821082
0.029224992434824293 21.87836756821082
0.02956448942795456 21.87836756821082
0.03075272890391048 21.87836756821082
0.031261974393605875 21.87836756821082
0.03278924064525006 26.519413720836383
0.03329825102622445 28.83993679714922
0.033637748019354714 28.83993679714922
0.0346557687813035 33.4809829497749
0.035164779162277886 35.80150602608762
0.03550404104668715 38.12202910240046
0.036691810305201064 42.76307525502614
0.037243375364677235 43.92333679318256
0.03847502294369743 51.523545706371124
0.038718015643812775 53.18559556786704
0.038961345132147274 51.523545706371124
0.04000031900435436 58.42660602013757
0.040169303397576225 65.9683060181543
0.040761189602704646 88.01327524312603
0.04101504824420908 95.55497524114264
0.04152247164131669 113.53902908256691
0.041776389060001376 120.50059831150543
0.042368804259752056 137.32439061477328
0.042707654703899554 143.70582907463358
0.04355457509413743 161.68988291605785
0.04389336676110469 168.6514521449963
0.04482563161706713 181.99445983379496
0.04524941508667746 187.795767524577
0.04618150361109915 202.87916752061034
0.046605169526348966 209.84073674954874
0.04745250135684861 223.76387520742566
0.04787616727209842 230.7254444363641
0.04863856607713523 245.22871366331918
0.048977357744102494 252.19028289225764
0.049231569048688424 256.25119827580505
0.04982445446588111 268.43394442644734
0.05016324613284837 275.39551365538574
0.050840535580881606 292.21930595865365
0.051179327247848856 299.1808751875921
0.05185661669588212 316.00466749086
0.052195232031308596 324.70662902703305
0.05287240392498135 342.6906828684574
0.05321101926040785 351.39264440463046
0.05388824993126084 368.7965674769765
0.05414216734994553 375.758136705915
0.05473440621815546 394.3223213164175
0.054988323636840135 401.283890545356
0.05549592336548851 417.52755207954567
0.055665084090251137 423.32885977032765
0.055834244815013735 429.13016746110975
0.0562570290725598 444.7936982262212
0.05651088771406423 452.33539822423785
0.05684873894614747 468.57905975842755
0.057017899670910095 474.3803674492096
0.057187060395672694 480.1816751399916
0.05760943321295701 499.9061212886505
0.05769360213507655 506.86769051758904
0.05803157092152029 521.9510905136223
0.05825692263060294 531.6199366649257
0.05853799510656362 549.7973674293761
0.058876669219170376 557.9191981964709
0.05904735815061953 548.6371058912197
0.0592192226256737 527.7523982044044
0.05921992795183672 520.790828975466
0.059220515723639226 514.9895212846839
0.059222043930325756 499.9061212886505
0.05922274925648876 492.9445520597121
0.05922333702829128 487.1432443689301
0.05922486523497781 472.0598443728968
0.05922557056114081 465.09827514395835
0.059226158332943334 459.2969674531763
0.05922768653962986 444.213567457143
0.059228391865792866 437.25199822820457
0.05922897963759539 431.45069053742253
0.0592305078442819 416.36729054138925
0.05923121317044492 409.4057213124508
0.05923180094224743 403.60441362166875
0.05923356425765496 386.20049054932264
0.05931920260928079 378.658790551306
0.05940613405887215 358.35421363356886
0.05940707449375617 349.0721213283176
0.0594089553635242 330.5079367178151
0.059409895798408226 321.22584441256384
0.05941177666817626 302.6616598020613
0.05941271710306028 293.37956749681007
0.05941459797282831 274.8153828863076
0.05941553840771232 265.5332905810563
0.059417419277480364 246.9691059705538
0.05941835971236437 237.68701366530252
0.05942024058213242 219.12282905480004
0.059421181017016426 209.84073674954874
0.05949414409483956 192.79778393351802
0.05949464927716828 187.8116343490305
0.05949532285360657 181.16343490304706
0.059497006794702316 164.54293628808864
0.059497511977031035 159.55678670360106
0.059498017159359755 154.57063711911348
0.05949986949456507 136.2880886426592
0.05950037467689379 131.30193905817168
0.05959939342753772 126.30190600228741
0.05960127429730575 107.73772139178493
0.059602214732189775 98.45562908653369
0.05960315516707378 89.17353678128245
0.059604095601957806 79.8914444760311
0.05960503603684183 70.60935217077986
0.05960691690660986 52.04516756027738
0.05960785734149387 42.76307525502614
0.05960973821126191 24.198890644523658
0.05961067864614592 14.916798339272304
0.05961255951591397 -3.6473862712301752
0.059613499950797975 -12.929478576481415
0.05961538082056602 -31.493663186983895
0.05961632125545003 -40.77575549223525
0.05961820212521806 -59.33994010273773
0.05961914256010208 -68.62203240798897
0.059621023429870114 -87.18621701849145
0.059621963864754136 -96.46830932374269
0.059768458099335696 -114.68144044321332
0.05976913167577399 -121.32963988919676
0.05976980525221228 -127.97783933518008
0.05977115240508888 -141.27423822714684
0.05977182598152717 -147.92243767313016
0.059772499557965465 -154.5706371191136
0.059799470949112414 -173.04557084206567
0.05980017627527543 -180.00714007100407
0.05980205714504346 -198.57132468150655
0.05980276247120648 -205.53289391044507
0.059803350243008986 -211.33420160122705
0.059804878449695516 -226.4176015972604
0.05980558377585852 -233.3791708261988
0.05980617154766104 -239.18047851698088
0.05980769975434757 -254.2638785130141
0.05980840508051057 -261.2254477419526
0.05980899285231309 -267.0267554327346
0.059810756167720615 -284.43067850508066
0.05981169660260464 -293.712770810332
0.05981357747237267 -312.2769554208345
0.05981451790725669 -321.55904772608574
0.05981639877702472 -340.1232323365882
0.059817339211908745 -349.40532464183957
0.059819220081676776 -367.96950925234205
0.0598201605165608 -377.2516015575932
0.059892809111351135 581.1244289595991
0.05989351443751415 574.1628597306606
0.05990685685743114 -395.23565539901756
0.059992730317777986 -405.097878473347
0.05999461118754602 -423.6620630838495
0.059995551622430025 -432.94415538910084
0.060045466409585004 -448.75346260387823
0.060046139986023296 -455.40166204986144
0.0601681214236472 -460.7904323048547
0.060170002293415244 -479.35461691535716
0.060170751627108075 -485.3185595567868
0.060510243797495346 -486.70293999034766
0.061019450102403915 -486.31618614429567
0.06152873477688613 -486.70293999034766
0.06203805863615521 -487.47644768245186
0.0625473041258506 -487.47644768245186
0.0630564320611855 -486.31618614429567
0.06356571673566772 -486.70293999034766
0.0640750405949368 -487.47644768245186
0.06458428608463218 -487.47644768245186
0.06509341401996707 -486.31618614429567
0.06560269869444932 -486.70293999034766
0.06611202255371837 -487.47644768245186
0.06662126804341378 -487.47644768245186
0.06713039597874867 -486.31618614429567
0.0676396806532309 -486.70293999034766
0.06814900451249997 -487.47644768245186
0.06865825000219536 -487.47644768245186
0.06916757386146441 -488.2499553745563
0.06984668540208547 -489.4102169127127
0.07035585252220716 -488.6367092206083
0.07086509801190258 -488.6367092206083
0.0713741475776638 -486.70293999034766
0.07188347143693286 -487.47644768245186
0.07239271692662827 -487.47644768245186
0.07290192323153682 -487.0896938363999
0.07341109035165855 -486.31618614429567
0.07392041421092763 -487.0896938363999
0.07442969888540985 -487.47644768245186
0.0749389051903184 -487.0896938363999
0.07544807231044012 -486.31618614429567
0.0759573961697092 -487.0896938363999
0.07646668084419142 -487.47644768245186
0.0769758871491 -487.0896938363999
0.0774850542692217 -486.31618614429567
0.07799437812849078 -487.0896938363999
0.07850366280297302 -487.47644768245186
0.07901286910788158 -487.0896938363999
0.0795220362280033 -486.31618614429567
0.08003136008727235 -487.0896938363999
0.0805406447617546 -487.47644768245186
0.08104985106666315 -487.0896938363999
0.08155901818678488 -486.31618614429567
0.08206834204605395 -487.0896938363999
0.08257762672053617 -487.47644768245186
0.08308683302544473 -487.0896938363999
0.08359600014556645 -486.31618614429567
0.08410532400483553 -487.0896938363999
0.08461460867931775 -487.47644768245186
0.08512381498422633 -487.0896938363999
0.08563298210434805 -486.31618614429567
0.0861423059636171 -487.0896938363999
0.08665159063809935 -487.47644768245186
0.0871607969430079 -487.0896938363999
0.08766996406312963 -486.31618614429567
0.08817928792239871 -487.0896938363999
0.08868857259688093 -487.47644768245186
0.08919777890178948 -487.0896938363999
0.0897069460219112 -486.31618614429567
0.09021626988118028 -487.0896938363999
0.0907255545556625 -487.47644768245186
0.09123476086057108 -487.0896938363999
0.09174392798069278 -486.31618614429567
0.09225325183996186 -487.0896938363999
0.0927625365144441 -487.47644768245186
0.09327178200413949 -487.47644768245186
0.09378102749383488 -487.47644768245186
0.09429027298353027 -487.47644768245186
0.09479940091886516 -486.31618614429567
0.0953086855933474 -486.70293999034766
0.09581800945261645 -487.47644768245186
0.09632725494231187 -487.47644768245186
0.09683638287764676 -486.31618614429567
0.09734566755212898 -486.70293999034766
0.09785499141139806 -487.47644768245186
0.09836423690109344 -487.47644768245186
0.09887336483642833 -486.31618614429567
0.09938264951091055 -486.70293999034766
0.09989197337017963 -487.47644768245186
0.10040121885987502 -487.47644768245186
0.10091038597999674 -486.70293999034766
0.10141967065447899 -487.0896938363999
0.10192895532896121 -487.47644768245186
0.10243820081865662 -487.47644768245186
0.10294736793877832 -486.70293999034766
0.10345665261326056 -487.0896938363999
0.10396593728774281 -487.47644768245186
0.1044751827774382 -487.47644768245186
0.10498438908234675 -487.0896938363999
0.1054935953872553 -486.70293999034766
0.10600291924652439 -487.47644768245186
0.10651216473621977 -487.47644768245186
0.10702129267155466 -486.31618614429567
0.10753065571561057 -487.47644768245186
0.10803990120530596 -487.47644768245186
0.10854914669500135 -487.47644768245186
0.10905831381512307 -486.70293999034766
0.10956755930481848 -486.70293999034766
0.11007688316408754 -487.47644768245186
0.11058612865378295 -487.47644768245186
0.11109529577390467 -486.70293999034766
0.11160458044838689 -487.0896938363999
0.11211386512286911 -487.47644768245186
0.11262311061256453 -487.47644768245186
0.11313227773268625 -486.70293999034766
0.11364156240716847 -487.0896938363999
0.11415084708165071 -487.47644768245186
0.1146600925713461 -487.47644768245186
0.11516929887625466 -487.0896938363999
0.11567850518116324 -486.70293999034766
0.11618782904043229 -487.47644768245186
0.11669707453012768 -487.47644768245186
0.11720624165024943 -486.70293999034766
0.11771552632473165 -487.0896938363999
0.11822481099921386 -487.47644768245186
0.11873405648890928 -487.47644768245186
0.11924326279381783 -487.0896938363999
