0 2839.7774687065375
0.0008750000000000008 2823.111961057024
0.0016250000000000014 2809.780945757998
0.0021757812500000015 2799.7359976240155
0.0030221354166666686 2785.4456783147893
0.0036992187500000037 2771.904011648123
0.004376302083333335 2758.3623449814563
0.0051380208333333365 2744.8230325683826
0.0058997395833333376 2731.283720155309
0.006661458333333335 2720.00449119147
0.00733854166666667 2708.722907974038
0.008184895833333337 2698.5760749884103
0.008946614583333339 2688.426887749189
0.009792968750000002 2681.6701799374136
0.01063932291666667 2677.173555574873
0.011485677083333336 2668.1567643138624
0.012332031250000004 2663.6601399513215
0.01317838541666667 2659.163515588781
0.014024739583333341 2663.707225023181
0.014871093750000001 2656.950517211405
0.01571744791666667 2645.6736425011595
0.01647916666666667 2642.3047056096434
0.017325520833333337 2636.678039522485
0.018171875000000004 2632.1814151599447
0.01901822916666667 2627.6847907974043
0.019949218750000004 2623.1905206884567
0.02079557291666667 2618.693896325916
0.02164192708333334 2616.4573554126105
0.022488281250000006 2609.7006476008346
0.023334635416666673 2609.7241901367643
0.02418098958333334 2605.227565774224
0.025111979166666673 2600.7332956652763
0.02595833333333334 2596.236671302736
0.02672005208333334 2596.2578595850723
0.027651041666666674 2591.7635894761247
0.02849739583333334 2587.266965113584
0.029428385416666675 2582.7726950046363
0.030190104166666676 2582.793883286973
0.03112109375000001 2578.2996131780255
0.031967447916666676 2573.8029888154847
0.03281380208333334 2569.3063644529443
0.03366015625000001 2569.329906988874
0.034591145833333344 2564.835636879926
0.03543750000000001 2560.3390125173855
0.03628385416666668 2560.362555053315
0.037130208333333345 2555.8659306907743
0.03806119791666668 2551.371660581827
0.03882291666666668 2551.3928488641636
0.03975390625000001 2546.898578755216
0.04060026041666668 2546.9221212911452
0.04144661458333335 2542.425496928605
0.04229296875000001 2542.4490394645345
0.04322395833333335 2537.954769355587
0.04407031250000001 2533.458144993046
0.044916666666666674 2533.4816875289757
0.04584765625000001 2528.987417420028
0.04669401041666668 2529.010959955958
0.04754036458333334 2524.514335593417
0.048471354166666675 2524.5402323829394
0.04931770833333335 2520.043608020399
0.05016406250000001 2520.0671505563287
0.05101041666666668 2515.570526193788
0.05185677083333334 2515.5940687297175
0.052750000000000005 2514.123783031989
0.05346484375000002 2512.6253549490034
0.05448046875000001 2508.8868002433937
0.05524218750000001 2507.777946801113
0.056173177083333345 2511.193968764488
0.05701953125000002 2504.4372609527127
0.05786588541666668 2502.200720039407
0.05820442708333334 2522.550888096894
0.058373697916666675 2542.8963476471954
0.05862760416666668 2565.504244900325
0.05871223958333335 2588.107433646268
0.058881510416666685 2610.7129766458047
0.05905078125000002 2635.578603094576
0.05922005208333335 2658.1841460941123
0.05955859375000001 2683.0544810500696
0.059643229166666686 2702.2675446221606
0.05989713541666668 2723.7454001506726
0.060404947916666674 2746.360360164581
0.061166666666666675 2741.8613815484473
0.06184375000000002 2728.319714881781
0.06252083333333334 2712.517964765879
0.06319791666666669 2701.2363815484473
0.06395963541666667 2687.6970691353736
0.06472135416666668 2676.417840171535
0.06556770833333335 2669.661132359759
0.06641406250000001 2669.6846748956887
0.06726041666666668 2662.9279670839132
0.06810677083333334 2656.1712592721374
0.06895312500000002 2651.674634909597
0.06979947916666668 2647.178010547056
0.07064583333333335 2638.1612192860457
0.07149218750000001 2629.1444280250353
0.07225390625000001 2620.125282510431
0.07310026041666669 2615.6286581478907
0.07394661458333335 2608.8719503361153
0.07479296875000002 2602.1152425243395
0.07563932291666668 2597.618618161799
0.07648567708333336 2590.861910350023
0.07733203125000002 2584.105202538248
0.07817838541666669 2579.6085781757074
0.07894010416666668 2575.109599559574
0.07987109375000001 2570.615329450626
0.08071744791666668 2561.5985381896153
0.08147916666666669 2557.099559573482
0.08232552083333335 2548.082768312471
0.08317187500000002 2543.5861439499304
0.08400000000000002 2535.0208623087624
0.08487500000000002 2528.3692628650906
0.08571093750000001 2521.0559370653687
0.08655729166666669 2512.039145804358
0.08731901041666669 2503.0200002897545
0.08808072916666669 2496.260938224386
0.08892708333333335 2484.98406351414
0.08968880208333335 2475.9649179995367
0.09045052083333335 2462.425605586463
0.09112760416666668 2452.274064093649
0.09188932291666668 2439.8647934051924
0.09256640625000002 2424.063043289291
0.09324348958333335 2408.2612931733893
0.09383593750000002 2392.4571888038945
0.09442838541666669 2374.3930009851647
0.09493619791666669 2358.586542362077
0.09544401041666668 2338.2599168405195
0.09595182291666669 2317.933291318962
0.09629036458333336 2297.601957290218
0.0967135416666667 2277.2729775150674
0.09713671875000002 2254.6839142906815
0.09739062500000002 2232.09014255911
0.09764453125000003 2211.756454276773
0.09798307291666669 2186.90495334956
0.09815234375000002 2166.5689108136303
0.09832161458333336 2143.9727848284656
0.09849088541666669 2121.376658843301
0.09866015625000002 2098.780532858136
0.09882942708333335 2076.1844068729715
0.09899869791666668 2051.3281974385723
0.09899869791666668 2028.7273629462218
0.09916796875000002 2006.131236961057
0.09916796875000002 1981.2703190194716
0.09916796875000002 1958.669484527121
0.09925260416666669 1937.2010460129811
0.09933723958333335 1913.4725240496061
0.09933723958333335 1888.6116061080206
0.09933723958333335 1866.0107716156701
0.09933723958333335 1843.4099371233197
0.09933723958333335 1818.549019181734
0.09933723958333335 1795.9481846893834
0.0995065104166667 1775.612142153454
0.0995065104166667 1750.7512242118682
0.0995065104166667 1725.8903062702827
0.0995065104166667 1703.2894717779322
0.0995065104166667 1680.6886372855818
0.0995065104166667 1655.8277193439963
0.0995065104166667 1633.2268848516458
0.0995065104166667 1610.6260503592953
0.0995065104166667 1588.0252158669448
0.0995065104166667 1563.1642979253593
0.0995065104166667 1540.5634634330088
0.0995065104166667 1517.9626289406583
0.0995065104166667 1493.1017109990728
0.0995065104166667 1468.2407930574873
0.09959114583333335 1445.6423128187298
0.09967578125000003 1423.0438325799723
0.09967578125000003 1400.4429980876218
0.09967578125000003 1377.8421635952714
0.09967578125000003 1352.9812456536858
0.09967578125000003 1330.3804111613354
0.09967578125000003 1307.7795766689849
0.09967578125000003 1285.1787421766344
0.09967578125000003 1260.3178242350486
0.09967578125000003 1235.4569062934631
0.09967578125000003 1212.8560718011126
0.09967578125000003 1190.2552373087622
0.09967578125000003 1167.6544028164117
0.09967578125000003 1145.0535683240612
0.09967578125000003 1120.1926503824757
0.09967578125000003 1097.5918158901252
0.09976041666666668 1073.8632939267504
0.09976041666666668 1050.1324177097822
0.09976041666666668 1027.5315832174315
0.09984505208333336 1004.933102978674
0.09984505208333336 980.0721850370883
0.09984505208333336 957.471350544738
0.09984505208333336 934.8705160523873
0.09984505208333336 910.009598110802
0.09984505208333336 887.4087636184513
0.10001432291666669 867.0727210825221
0.10001432291666669 842.2118031409364
0.10001432291666669 817.3508851993511
0.10001432291666669 794.7500507070004
0.10001432291666669 772.1492162146501
0.10018359375000002 751.8131736787204
0.10069140625000002 751.0739380505333
0.10119921875000003 751.088063572091
0.10170703125000002 751.8555502433933
0.10221484375000002 751.8696757649509
0.10272265625000002 751.883801286509
0.10323046875000003 750.3912045085767
0.10373828125000002 751.9120523296242
0.10424609375000002 751.9261778511818
0.10475390625000003 751.9403033727399
0.10526171875000002 749.6943454450625
0.10576953125000002 751.9685544158551
0.10627734375000002 751.9826799374127
0.10678515625000003 751.9968054589704
0.10729296875000002 751.2575698307837
0.10780078125000003 752.025056502086
0.10830859375000002 752.0391820236437
0.10881640625000003 752.0533075452013
0.10932421875000004 751.3140719170146
0.10983203125000002 751.3281974385723
0.11033984375000003 752.0956841098746
0.11084765625000001 752.1098096314322
0.11135546875000002 750.6172128535
0.11186328125000003 752.1380606745479
0.11237109375000001 752.1521861961055
0.11287890625000002 752.1663117176631
0.11338671875000003 752.1804372392207
0.11389453125000001 751.4412016110341
0.11440234375000002 752.2086882823364
0.11491015625000003 752.222813803894
0.11541796875000002 751.483578175707
0.11592578125000003 751.4977036972646
0.11643359375000004 752.2651903685673
0.11694140625000002 752.279315890125
0.11744921875000003 751.5400802619379
0.11795703125000004 752.3075669332402
0.11846484375000002 752.3216924547983
0.11897265625000003 752.3358179763559
0.11948046875000001 752.3499434979135
0.1198190104166667 754.6194439615206
